348
1186
412
374
360
1192
1179
1145
1623
1637
1151
638
176
88
610
1384
1390
604
162
189
837
77
823
63
1409
1421
1347
1353
1435
980
758
994
1596
764
770
1582
1569
943
957
1555
1233
1227
1541
228
200
214
572
599
1019
1031
1743
1025
1024
1030
1756
1018
598
215
573
201
229
1226
1540
1554
1232
956
1568
942
771
1583
1597
765
995
759
981
1352
1434
1420
1346
62
822
1408
188
76
836
605
1391
163
177
1385
611
89
639
1636
1150
1144
1622
1178
361
1193
407
413
1187
375
349
439
1191
377
1185
411
1608
1152
1634
1620
1146
149
1393
607
613
1387
175
820
60
834
74
1378
1436
1350
808
48
1344
1422
997
983
1581
773
767
1595
1218
798
940
1542
1224
968
1230
1556
559
571
217
203
565
1768
1026
1740
1754
1032
1755
1033
1027
1741
1769
202
564
570
558
1231
1557
1543
969
1225
941
799
1219
1594
1580
772
982
996
1345
49
809
1423
1437
1351
1379
75
61
821
1386
612
174
606
1392
148
1621
1147
1153
1635
389
1609
376
410
1184
1190
404
438
366
1194
1180
414
372
1631
1157
1143
1625
399
1619
1396
602
164
170
616
1382
158
819
1355
59
1433
1427
1341
825
1369
65
831
71
776
1584
1590
762
992
986
1221
1547
1553
1235
979
789
951
1209
945
212
574
560
206
548
1023
1037
1036
1750
1022
561
207
213
575
944
1208
950
788
1552
978
1234
1220
1546
987
993
1591
763
777
1585
830
1368
824
1426
1340
58
1354
818
1432
159
171
1383
617
603
1397
165
1618
398
1142
1624
1630
1156
429
415
1181
373
367
1195
371
1183
417
1197
365
359
1626
1140
1154
1632
1168
615
1381
173
167
1395
601
99
629
1342
1424
1430
8
1356
832
72
1418
198
826
66
761
1593
1587
775
985
991
749
1236
1550
1544
1222
946
1578
952
205
563
577
211
239
1034
1020
1746
1008
588
589
1009
1021
1035
238
576
210
204
562
1579
953
947
1545
1223
1237
1551
748
990
984
1586
774
1592
199
67
827
73
833
1419
1431
1357
1343
1425
628
166
98
1394
1380
614
172
1169
1155
1633
1627
1141
358
1196
402
370
416
1182
471
465
303
1697
1668
1640
1126
1132
1654
897
129
883
115
1481
1495
101
667
854
1318
698
868
28
1324
1442
1456
1330
707
1293
1287
713
920
1278
934
1250
1522
1244
908
539
1091
505
511
1085
277
1708
288
1734
1052
1046
1720
1047
1735
1053
289
1709
1084
510
276
262
504
1090
538
1523
909
1245
1251
1537
935
1279
921
712
1286
1292
706
1457
1331
1325
869
1443
699
841
1319
855
100
1494
666
672
1480
114
882
896
128
1133
1655
1641
1127
1669
464
1696
302
1682
470
328
300
1694
466
472
1680
314
499
1119
1657
1131
1125
1643
658
880
894
664
1496
102
116
1482
670
843
1469
857
17
1333
1455
1441
1327
738
1284
710
704
1290
937
1509
1247
1521
1535
1253
248
274
512
1086
1092
506
260
1079
1723
1045
1051
1737
1050
1722
1044
1078
507
1093
261
275
1087
513
249
1534
1252
1246
1520
1508
922
936
1291
705
711
1285
739
1440
1326
1332
1454
16
856
842
1468
1483
117
671
665
103
1497
895
881
659
1124
1642
1656
1130
1118
498
473
315
1681
1695
301
467
329
463
305
1691
1685
311
477
339
1134
1652
1646
1120
1108
488
1493
107
661
675
113
1487
885
649
1450
1336
1322
1444
846
852
12
1478
1281
715
729
1524
1242
1256
1530
1518
932
517
1083
265
1097
259
1040
1732
1054
1068
1069
1733
1055
1041
1727
258
264
1096
1082
516
270
1519
933
1257
1531
1525
1243
728
1294
700
714
1280
13
853
1479
1323
1445
1451
1337
890
884
674
1486
112
106
1492
660
489
1109
1647
1121
1135
310
1684
476
1690
304
474
1692
460
1123
1645
1137
1679
110
1484
676
662
1490
104
892
886
138
1447
1321
879
1335
39
1453
851
689
11
845
1309
702
1296
1282
716
1533
1255
919
1241
1527
1269
925
931
1094
266
272
514
1080
1057
1725
1043
299
1719
1718
298
1724
1042
1056
1730
529
273
1081
515
1095
267
930
1268
1240
1526
1532
918
1254
717
1283
1297
703
1308
844
10
688
850
38
1334
878
1452
1446
1320
139
893
663
105
1491
1485
111
677
1678
1650
1136
1122
1644
1693
461
475
313
478
336
450
322
1649
1661
493
1107
1113
487
1675
108
1488
134
120
875
35
1339
21
1305
691
1463
1477
1311
726
732
901
1259
1271
1517
1503
1265
518
1098
242
530
256
281
1715
1073
1067
1701
295
1066
294
1700
1714
280
1072
531
257
243
525
1099
519
1502
1264
1270
1516
1258
900
727
1476
1310
684
690
1304
848
1462
20
860
1338
874
121
647
653
135
1489
109
486
1112
1674
1660
1106
492
1648
445
323
337
451
479
309
447
453
335
1138
1676
1110
484
490
1104
1662
679
123
137
22
1448
876
36
686
1312
1474
1460
1306
692
1299
719
731
725
916
1528
902
1266
1500
1514
1272
269
255
533
241
1058
1702
296
1064
1070
1071
1717
283
297
1065
1059
526
240
254
268
1515
1273
1267
1501
1529
903
917
724
730
718
1298
1461
693
1307
1313
687
1475
37
877
23
863
1449
136
644
122
678
1105
491
1677
485
1111
1139
452
334
446
308
1688
442
324
330
456
318
1698
1115
481
1673
1667
495
1101
1129
126
640
898
654
132
668
1471
683
1317
1303
697
1465
867
27
873
33
1459
734
1288
1505
1263
1277
1511
1539
907
536
250
244
522
278
1061
293
287
1713
1075
1049
1048
1712
286
1074
1060
292
245
523
537
251
906
1538
1276
1510
1504
1262
1289
32
872
1458
26
866
696
1302
1464
1470
1316
682
669
655
133
127
899
641
1128
1666
1100
494
480
1114
1672
319
331
457
325
327
441
469
496
1102
1670
1116
482
1658
131
657
643
125
1499
119
1466
1300
694
858
680
1314
18
1472
870
30
864
1328
24
723
737
1512
1274
938
1260
1506
1248
904
521
247
253
535
1089
509
1076
1710
290
1062
1738
1739
1705
1063
1077
1711
285
508
1088
252
534
520
246
911
905
1249
1261
1507
1513
939
1275
722
25
1329
31
871
19
1315
681
859
1473
1467
695
1301
118
1498
642
124
130
656
1659
1671
483
1117
1103
497
1665
468
326
440
332
369
433
355
341
427
1158
1164
396
1602
1616
382
1170
95
1399
81
619
157
631
625
143
816
56
802
42
1428
1400
194
1366
1372
180
1414
745
989
751
1548
962
976
1574
1212
786
792
1206
1560
209
547
221
235
553
1038
584
1010
1776
1762
1004
590
1763
591
1005
1011
585
1777
1039
234
552
546
220
208
1207
793
1561
1575
787
1213
977
1549
963
750
988
744
778
1373
1415
181
195
1401
1367
43
803
1429
5
57
817
624
142
156
630
618
80
1398
94
383
1617
1171
1165
1603
1159
340
426
354
418
1198
424
342
356
430
1629
1173
1615
381
395
1601
1167
82
96
168
140
626
154
801
41
815
55
7
183
1417
1371
829
1365
1403
197
1588
752
746
1239
975
1563
791
1205
949
1211
785
1577
578
550
236
1749
1007
593
1761
1775
587
1013
1774
1012
586
592
1006
1748
223
545
551
579
784
1210
1576
1562
948
1204
790
960
974
1238
747
753
1589
68
828
196
1402
1416
182
1370
1358
54
814
6
40
633
155
141
627
97
169
83
1600
394
1166
1172
380
1614
1628
357
431
425
343
1199
419
347
421
435
353
1189
409
1610
384
1176
1162
390
1604
1638
623
145
151
637
87
179
93
838
1374
78
186
1412
1406
192
1360
804
1348
44
810
50
757
1599
794
1200
1566
1572
1214
958
970
1228
555
541
227
569
1764
1002
596
582
1016
1770
1759
1017
583
1771
1765
597
1003
568
540
232
1229
971
1573
959
781
1215
1201
795
1567
1598
742
756
3
51
811
45
1349
805
193
1407
1361
79
839
1413
187
92
86
178
150
636
622
144
1639
1163
1605
385
1611
1177
408
1188
434
352
346
420
350
436
422
344
378
1607
1161
1175
1613
387
1149
634
152
146
620
608
90
1388
84
1363
1405
191
185
1411
1377
813
53
1
1439
807
47
998
740
754
768
1217
783
1571
1565
797
1203
967
1559
973
224
542
556
230
218
1773
581
1015
1001
595
1767
1029
1028
594
1000
1766
1772
1014
580
219
557
231
225
543
1558
972
966
1564
1202
796
782
1216
1570
769
755
741
999
46
806
52
812
1438
1410
184
1376
1362
1404
85
1389
91
609
147
621
635
153
1148
1174
386
1612
1606
1160
379
423
345
351
437
